{
 "cells": [
  {
   "cell_type": "markdown",
   "id": "604a9d17",
   "metadata": {},
   "source": [
    "# DATA PREPROCESSING"
   ]
  },
  {
   "cell_type": "code",
   "execution_count": 196,
   "id": "782a2179",
   "metadata": {},
   "outputs": [
    {
     "name": "stdout",
     "output_type": "stream",
     "text": [
      "Data within CSV files has been normalized while handling NaN, infinity, and large values.\n"
     ]
    }
   ],
   "source": [
    "import os\n",
    "import pandas as pd\n",
    "import numpy as np\n",
    "\n",
    "\n",
    "def normalize_dataframe(df):\n",
    "    numerical_columns = df.select_dtypes(include=['float64', 'int64']).columns\n",
    "    for column in numerical_columns:\n",
    "        mean = df[column].mean()\n",
    "        df[column].fillna(mean, inplace=True)\n",
    "\n",
    "        max_allowed_value = 1e10  \n",
    "        df[column] = np.clip(df[column], -max_allowed_value, max_allowed_value)\n",
    "        \n",
    "        mean = df[column].mean()\n",
    "        std = df[column].std()\n",
    "        \n",
    "        df[column] = (df[column] - mean) / std\n",
    "\n",
    "\n",
    "def normalize_csv(input_csv_path):\n",
    "    df = pd.read_csv(input_csv_path)\n",
    "    normalize_dataframe(df)\n",
    "    df.to_csv(input_csv_path, index=False) \n",
    "\n",
    "\n",
    "folder1_path = 'D:/Sem5/ML LAB TEST/CSV/ADHD'\n",
    "folder2_path = 'D:/Sem5/ML LAB TEST/CSV/Control part'\n",
    "\n",
    "\n",
    "for folder_path in [folder1_path, folder2_path]:\n",
    "    for filename in os.listdir(folder_path):\n",
    "        if filename.endswith(\".csv\"):\n",
    "            input_csv_path = os.path.join(folder_path, filename)\n",
    "            normalize_csv(input_csv_path)\n"
   ]
  },
  {
   "cell_type": "code",
   "execution_count": 197,
   "id": "c2517614",
   "metadata": {},
   "outputs": [
    {
     "name": "stdout",
     "output_type": "stream",
     "text": [
      "Minimum number of rows found: 7983\n",
      "CSV file with minimum rows: D:/Sem5/ML LAB TEST/CSV/Control part\\v51p.csv\n",
      "Normalized CSV files have been saved in the same CSV files, overwriting the originals.\n"
     ]
    }
   ],
   "source": [
    "import os\n",
    "import pandas as pd\n",
    "\n",
    "\n",
    "def find_min_rows_in_folder(folder_path):\n",
    "    min_rows = float('inf')\n",
    "    min_csv_file = None\n",
    "\n",
    "    for filename in os.listdir(folder_path):\n",
    "        if filename.endswith(\".csv\"):\n",
    "            file_path = os.path.join(folder_path, filename)\n",
    "            df = pd.read_csv(file_path)\n",
    "            num_rows = len(df)\n",
    "            if num_rows < min_rows:\n",
    "                min_rows = num_rows\n",
    "                min_csv_file = file_path\n",
    "\n",
    "    return min_csv_file, min_rows\n",
    "\n",
    "\n",
    "def normalize_csv(input_csv_path, target_num_rows):\n",
    "    df = pd.read_csv(input_csv_path)\n",
    "    df = df.iloc[:, 1:]\n",
    "    normalized_df = df.sample(target_num_rows, replace=True)\n",
    "    normalized_df.to_csv(input_csv_path, index=False) \n",
    "\n",
    "folder1_path = 'D:/Sem5/ML LAB TEST/CSV/ADHD'\n",
    "folder2_path = 'D:/Sem5/ML LAB TEST/CSV/Control part'\n",
    "\n",
    "\n",
    "min_csv_file1, min_rows1 = find_min_rows_in_folder(folder1_path)\n",
    "min_csv_file2, min_rows2 = find_min_rows_in_folder(folder2_path)\n",
    "\n",
    "\n",
    "if min_rows1 < min_rows2:\n",
    "    min_csv_file = min_csv_file1\n",
    "    min_rows = min_rows1\n",
    "else:\n",
    "    min_csv_file = min_csv_file2\n",
    "    min_rows = min_rows2\n",
    "\n",
    "\n",
    "for folder_path in [folder1_path, folder2_path]:\n",
    "    for filename in os.listdir(folder_path):\n",
    "        if filename.endswith(\".csv\"):\n",
    "            input_csv_path = os.path.join(folder_path, filename)\n",
    "            normalize_csv(input_csv_path, min_rows)\n",
    "\n",
    "print(f\"Min number of rows {min_rows}\")\n"
   ]
  },
  {
   "cell_type": "code",
   "execution_count": 282,
   "id": "c2b008bd",
   "metadata": {},
   "outputs": [
    {
     "name": "stdout",
     "output_type": "stream",
     "text": [
      "v107.csv: (7983, 20)\n",
      "v108.csv: (7983, 20)\n",
      "v109.csv: (7983, 20)\n",
      "v110.csv: (7983, 20)\n",
      "v111.csv: (7983, 20)\n",
      "v112.csv: (7983, 20)\n",
      "v113.csv: (7983, 20)\n",
      "v114.csv: (7983, 20)\n",
      "v115.csv: (7983, 20)\n",
      "v116.csv: (7983, 20)\n",
      "v117.csv: (7983, 20)\n",
      "v118.csv: (7983, 20)\n",
      "v120.csv: (7983, 20)\n",
      "v121.csv: (7983, 20)\n",
      "v123.csv: (7983, 20)\n",
      "v125.csv: (7983, 20)\n",
      "v127.csv: (7983, 20)\n",
      "v129.csv: (7983, 20)\n",
      "v131.csv: (7983, 20)\n",
      "v133.csv: (7983, 20)\n",
      "v134.csv: (7983, 20)\n",
      "v138.csv: (7983, 20)\n",
      "v140.csv: (7983, 20)\n",
      "v143.csv: (7983, 20)\n",
      "v147.csv: (7983, 20)\n",
      "v149.csv: (7983, 20)\n",
      "v151.csv: (7983, 20)\n",
      "v297.csv: (7983, 20)\n",
      "v298.csv: (7983, 20)\n",
      "v299.csv: (7983, 20)\n",
      "v300.csv: (7983, 20)\n",
      "v302.csv: (7983, 20)\n",
      "v303.csv: (7983, 20)\n",
      "v304.csv: (7983, 20)\n",
      "v305.csv: (7983, 20)\n",
      "v306.csv: (7983, 20)\n",
      "v307.csv: (7983, 20)\n",
      "v308.csv: (7983, 20)\n",
      "v309.csv: (7983, 20)\n",
      "v310.csv: (7983, 20)\n",
      "v41p.csv: (7983, 20)\n",
      "v42p.csv: (7983, 20)\n",
      "v43p.csv: (7983, 20)\n",
      "v44p.csv: (7983, 20)\n",
      "v45p.csv: (7983, 20)\n",
      "v46p.csv: (7983, 20)\n",
      "v47p.csv: (7983, 20)\n",
      "v48p.csv: (7983, 20)\n",
      "v49p.csv: (7983, 20)\n",
      "v50p.csv: (7983, 20)\n",
      "v51p.csv: (7983, 20)\n",
      "v52p.csv: (7983, 20)\n",
      "v53p.csv: (7983, 20)\n",
      "v54p.csv: (7983, 20)\n",
      "v55p.csv: (7983, 20)\n",
      "v56p.csv: (7983, 20)\n",
      "v57p.csv: (7983, 20)\n",
      "v58p.csv: (7983, 20)\n",
      "v59p.csv: (7983, 20)\n",
      "v60p.csv: (7983, 20)\n"
     ]
    }
   ],
   "source": [
    "import os\n",
    "import pandas as pd\n",
    "\n",
    "folder_path = 'D:/Sem5/ML LAB TEST/CSV'\n",
    "\n",
    "csv_shapes = {}\n",
    "\n",
    "\n",
    "for filename in os.listdir(folder_path):\n",
    "    if filename.endswith('.csv'):\n",
    "        file_path = os.path.join(folder_path, filename)\n",
    "        df = pd.read_csv(file_path)\n",
    "        csv_shapes[filename] = df.shape\n",
    "        \n",
    "for filename, shape in csv_shapes.items():\n",
    "    print(f'{filename}: {shape}')"
   ]
  },
  {
   "cell_type": "markdown",
   "id": "c2482d2f",
   "metadata": {},
   "source": [
    "# NON-LINEAR CORRELATION CO-EFFICIENT"
   ]
  },
  {
   "cell_type": "code",
   "execution_count": 165,
   "id": "85caa36b",
   "metadata": {},
   "outputs": [],
   "source": [
    "from scipy.stats import spearmanr, kendalltau"
   ]
  },
  {
   "cell_type": "code",
   "execution_count": 199,
   "id": "eefaf6d7",
   "metadata": {},
   "outputs": [],
   "source": [
    "import os\n",
    "import pandas as pd\n",
    "import numpy as np\n",
    "from scipy.stats import spearmanr, kendalltau\n",
    "\n",
    "\n",
    "def calculate_nonlinear_correlations(input_csv_path):\n",
    "    df = pd.read_csv(input_csv_path)\n",
    "    features = df.columns[:19]\n",
    "    df_subset = df[features]\n",
    "    \n",
    "    spearman_corr = df_subset.corr(method='spearman')\n",
    "    kendall_corr = df_subset.corr(method='kendall')\n",
    "    return spearman_corr, kendall_corr\n",
    "\n",
    "\n",
    "def calculate_nonlinear_correlations_in_folder(folder_path, min_rows):\n",
    "    spearman_correlations = {}\n",
    "    kendall_correlations = {}\n",
    "    all_spearman_matrices = []  \n",
    "    all_kendall_matrices = []   \n",
    "    count_spearman = 0\n",
    "    count_kendall = 0\n",
    "    \n",
    "    for filename in os.listdir(folder_path):\n",
    "        if filename.endswith(\".csv\"):\n",
    "            input_csv_path = os.path.join(folder_path, filename)\n",
    "            spearman_corr, kendall_corr = calculate_nonlinear_correlations(input_csv_path)\n",
    "            \n",
    "            all_spearman_matrices.append(spearman_corr)\n",
    "            all_kendall_matrices.append(kendall_corr)\n",
    "    \n",
    "            spearman_correlations[filename] = spearman_corr\n",
    "            kendall_correlations[filename] = kendall_corr\n",
    "            \n",
    "            count_spearman += 1\n",
    "            count_kendall += 1\n",
    "\n",
    "    return (\n",
    "        spearman_correlations, kendall_correlations,\n",
    "        all_spearman_matrices, all_kendall_matrices,\n",
    "        count_spearman, count_kendall\n",
    "    )\n",
    "\n",
    "(spearman_correlations_folder1, kendall_correlations_folder1,\n",
    " all_spearman_matrices_folder1, all_kendall_matrices_folder1,\n",
    " count_spearman1, count_kendall1) = calculate_nonlinear_correlations_in_folder(folder1_path, min_rows)\n",
    "\n",
    "(spearman_correlations_folder2, kendall_correlations_folder2,\n",
    " all_spearman_matrices_folder2, all_kendall_matrices_folder2,\n",
    " count_spearman2, count_kendall2) = calculate_nonlinear_correlations_in_folder(folder2_path, min_rows)\n",
    "\n",
    "first_spearman_matrix_folder1 = all_spearman_matrices_folder1[0]\n",
    "first_spearman_matrix_folder2 = all_spearman_matrices_folder2[0]\n",
    "\n",
    "first_kendall_matrix_folder1 = all_kendall_matrices_folder1[0]\n",
    "first_kendall_matrix_folder2 = all_kendall_matrices_folder2[0]\n"
   ]
  },
  {
   "cell_type": "code",
   "execution_count": 200,
   "id": "aae5dac7",
   "metadata": {},
   "outputs": [
    {
     "name": "stdout",
     "output_type": "stream",
     "text": [
      "Spearman Correlations for CSV files in ADHD:\n",
      "Spearman Correlation matrix for v10p.csv:\n",
      "           0         1         2         3         4         5         6  \\\n",
      "0   1.000000  0.805900  0.770575  0.582282  0.596625  0.423306  0.510843   \n",
      "1   0.805900  1.000000  0.649180  0.737217  0.502306  0.530902  0.380432   \n",
      "2   0.770575  0.649180  1.000000  0.672050  0.801459  0.546173  0.635808   \n",
      "3   0.582282  0.737217  0.672050  1.000000  0.568117  0.772097  0.386447   \n",
      "4   0.596625  0.502306  0.801459  0.568117  1.000000  0.632501  0.803601   \n",
      "5   0.423306  0.530902  0.546173  0.772097  0.632501  1.000000  0.470245   \n",
      "6   0.510843  0.380432  0.635808  0.386447  0.803601  0.470245  1.000000   \n",
      "7   0.349591  0.452751  0.495946  0.584411  0.632156  0.765927  0.608645   \n",
      "8   0.010014 -0.162754  0.034144 -0.188172  0.129096 -0.085882  0.413058   \n",
      "9   0.094798  0.166334  0.188314  0.254732  0.344070  0.439037  0.487281   \n",
      "10  0.485998  0.487645  0.571802  0.499946  0.531376  0.453018  0.378126   \n",
      "11  0.541051  0.673131  0.558483  0.704940  0.405697  0.523182  0.285533   \n",
      "12  0.452300  0.431457  0.639648  0.493351  0.760585  0.529018  0.614355   \n",
      "13  0.208886  0.331331  0.280351  0.552830  0.357977  0.718846  0.191652   \n",
      "14  0.432115  0.389580  0.603215  0.419454  0.754814  0.481039  0.743227   \n",
      "15  0.287649  0.427586  0.382745  0.553527  0.463504  0.698370  0.351317   \n",
      "16  0.580413  0.552992  0.721310  0.715918  0.548916  0.488576  0.383918   \n",
      "17  0.125326  0.369564  0.269919  0.591355  0.422344  0.748124  0.271529   \n",
      "18  0.247572  0.280260  0.394277  0.420598  0.612215  0.592579  0.619912   \n",
      "\n",
      "           7         8         9        10        11        12        13  \\\n",
      "0   0.349591  0.010014  0.094798  0.485998  0.541051  0.452300  0.208886   \n",
      "1   0.452751 -0.162754  0.166334  0.487645  0.673131  0.431457  0.331331   \n",
      "2   0.495946  0.034144  0.188314  0.571802  0.558483  0.639648  0.280351   \n",
      "3   0.584411 -0.188172  0.254732  0.499946  0.704940  0.493351  0.552830   \n",
      "4   0.632156  0.129096  0.344070  0.531376  0.405697  0.760585  0.357977   \n",
      "5   0.765927 -0.085882  0.439037  0.453018  0.523182  0.529018  0.718846   \n",
      "6   0.608645  0.413058  0.487281  0.378126  0.285533  0.614355  0.191652   \n",
      "7   1.000000  0.027902  0.654871  0.402236  0.393796  0.553319  0.539963   \n",
      "8   0.027902  1.000000  0.388350 -0.219658 -0.007603 -0.007594 -0.208603   \n",
      "9   0.654871  0.388350  1.000000  0.126736  0.179602  0.297692  0.249789   \n",
      "10  0.402236 -0.219658  0.126736  1.000000  0.268365  0.624842  0.323470   \n",
      "11  0.393796 -0.007603  0.179602  0.268365  1.000000  0.317970  0.399090   \n",
      "12  0.553319 -0.007594  0.297692  0.624842  0.317970  1.000000  0.357985   \n",
      "13  0.539963 -0.208603  0.249789  0.323470  0.399090  0.357985  1.000000   \n",
      "14  0.611038  0.106479  0.380196  0.489905  0.225223  0.741412  0.301474   \n",
      "15  0.714485 -0.112237  0.512662  0.387302  0.405702  0.492691  0.614549   \n",
      "16  0.364290  0.039230  0.129266  0.394492  0.606712  0.408731  0.310731   \n",
      "17  0.679347 -0.115674  0.478741  0.308160  0.374525  0.406902  0.567869   \n",
      "18  0.737142  0.110479  0.507775  0.353680  0.231624  0.520608  0.449837   \n",
      "\n",
      "          14        15        16        17        18  \n",
      "0   0.432115  0.287649  0.580413  0.125326  0.247572  \n",
      "1   0.389580  0.427586  0.552992  0.369564  0.280260  \n",
      "2   0.603215  0.382745  0.721310  0.269919  0.394277  \n",
      "3   0.419454  0.553527  0.715918  0.591355  0.420598  \n",
      "4   0.754814  0.463504  0.548916  0.422344  0.612215  \n",
      "5   0.481039  0.698370  0.488576  0.748124  0.592579  \n",
      "6   0.743227  0.351317  0.383918  0.271529  0.619912  \n",
      "7   0.611038  0.714485  0.364290  0.679347  0.737142  \n",
      "8   0.106479 -0.112237  0.039230 -0.115674  0.110479  \n",
      "9   0.380196  0.512662  0.129266  0.478741  0.507775  \n",
      "10  0.489905  0.387302  0.394492  0.308160  0.353680  \n",
      "11  0.225223  0.405702  0.606712  0.374525  0.231624  \n",
      "12  0.741412  0.492691  0.408731  0.406902  0.520608  \n",
      "13  0.301474  0.614549  0.310731  0.567869  0.449837  \n",
      "14  1.000000  0.466607  0.355812  0.344188  0.614026  \n",
      "15  0.466607  1.000000  0.325228  0.649741  0.562321  \n",
      "16  0.355812  0.325228  1.000000  0.391483  0.417125  \n",
      "17  0.344188  0.649741  0.391483  1.000000  0.664588  \n",
      "18  0.614026  0.562321  0.417125  0.664588  1.000000  \n",
      "Spearman Correlation matrix for v12p.csv:\n",
      "           0         1         2         3         4         5         6  \\\n",
      "0   1.000000  0.560294  0.543925  0.508913  0.487046  0.436901  0.384117   \n",
      "1   0.560294  1.000000  0.110413  0.253026  0.059746  0.173804  0.013938   \n",
      "2   0.543925  0.110413  1.000000  0.822451  0.960644  0.787363  0.817713   \n",
      "3   0.508913  0.253026  0.822451  1.000000  0.842668  0.942594  0.712192   \n",
      "4   0.487046  0.059746  0.960644  0.842668  1.000000  0.853265  0.849086   \n",
      "5   0.436901  0.173804  0.787363  0.942594  0.853265  1.000000  0.711374   \n",
      "6   0.384117  0.013938  0.817713  0.712192  0.849086  0.711374  1.000000   \n",
      "7   0.330059  0.092563  0.643345  0.849073  0.748780  0.923562  0.653342   \n",
      "8   0.102628 -0.140531  0.406751 -0.012589  0.331561 -0.020884  0.375521   \n",
      "9   0.211463 -0.025207  0.593358  0.436472  0.586954  0.469793  0.580224   \n",
      "10  0.378085  0.203014  0.387113  0.065425  0.263172 -0.014931  0.278317   \n",
      "11  0.398921  0.300063  0.499194  0.323333  0.384069  0.212924  0.387213   \n",
      "12  0.375462  0.140094  0.631498  0.687728  0.683799  0.670525  0.704745   \n",
      "13  0.453555  0.196767  0.760348  0.851131  0.794661  0.880332  0.677978   \n",
      "14  0.332534 -0.026787  0.707430  0.347068  0.647534  0.324622  0.598234   \n",
      "15  0.295750  0.054717  0.571412  0.774532  0.660300  0.820912  0.548380   \n",
      "16  0.491937  0.197138  0.730460  0.871808  0.767831  0.846523  0.615844   \n",
      "17  0.140257  0.171641  0.122906  0.515760  0.272300  0.599117  0.160195   \n",
      "18  0.178631  0.037382  0.253684  0.547250  0.403978  0.623580  0.339631   \n",
      "\n",
      "           7         8         9        10        11        12        13  \\\n",
      "0   0.330059  0.102628  0.211463  0.378085  0.398921  0.375462  0.453555   \n",
      "1   0.092563 -0.140531 -0.025207  0.203014  0.300063  0.140094  0.196767   \n",
      "2   0.643345  0.406751  0.593358  0.387113  0.499194  0.631498  0.760348   \n",
      "3   0.849073 -0.012589  0.436472  0.065425  0.323333  0.687728  0.851131   \n",
      "4   0.748780  0.331561  0.586954  0.263172  0.384069  0.683799  0.794661   \n",
      "5   0.923562 -0.020884  0.469793 -0.014931  0.212924  0.670525  0.880332   \n",
      "6   0.653342  0.375521  0.580224  0.278317  0.387213  0.704745  0.677978   \n",
      "7   1.000000 -0.117092  0.460191 -0.189295  0.013135  0.639669  0.800938   \n",
      "8  -0.117092  1.000000  0.626091  0.572025  0.563915  0.004623  0.087875   \n",
      "9   0.460191  0.626091  1.000000  0.318068  0.436787  0.320637  0.501519   \n",
      "10 -0.189295  0.572025  0.318068  1.000000  0.690872  0.169342  0.117545   \n",
      "11  0.013135  0.563915  0.436787  0.690872  1.000000  0.213178  0.379593   \n",
      "12  0.639669  0.004623  0.320637  0.169342  0.213178  1.000000  0.625842   \n",
      "13  0.800938  0.087875  0.501519  0.117545  0.379593  0.625842  1.000000   \n",
      "14  0.194708  0.753180  0.642873  0.593326  0.589665  0.308123  0.407408   \n",
      "15  0.878022 -0.149484  0.437391 -0.211949 -0.029714  0.556828  0.720774   \n",
      "16  0.795685 -0.113381  0.268828 -0.004543  0.147212  0.667378  0.739601   \n",
      "17  0.690471 -0.613769 -0.114978 -0.445118 -0.374808  0.412747  0.406941   \n",
      "18  0.770469 -0.455927 -0.009721 -0.439275 -0.373736  0.494191  0.467076   \n",
      "\n",
      "          14        15        16        17        18  \n",
      "0   0.332534  0.295750  0.491937  0.140257  0.178631  \n",
      "1  -0.026787  0.054717  0.197138  0.171641  0.037382  \n",
      "2   0.707430  0.571412  0.730460  0.122906  0.253684  \n",
      "3   0.347068  0.774532  0.871808  0.515760  0.547250  \n",
      "4   0.647534  0.660300  0.767831  0.272300  0.403978  \n",
      "5   0.324622  0.820912  0.846523  0.599117  0.623580  \n",
      "6   0.598234  0.548380  0.615844  0.160195  0.339631  \n",
      "7   0.194708  0.878022  0.795685  0.690471  0.770469  \n",
      "8   0.753180 -0.149484 -0.113381 -0.613769 -0.455927  \n",
      "9   0.642873  0.437391  0.268828 -0.114978 -0.009721  \n",
      "10  0.593326 -0.211949 -0.004543 -0.445118 -0.439275  \n",
      "11  0.589665 -0.029714  0.147212 -0.374808 -0.373736  \n",
      "12  0.308123  0.556828  0.667378  0.412747  0.494191  \n",
      "13  0.407408  0.720774  0.739601  0.406941  0.467076  \n",
      "14  1.000000  0.166648  0.222112 -0.364423 -0.214964  \n",
      "15  0.166648  1.000000  0.755073  0.601916  0.687530  \n",
      "16  0.222112  0.755073  1.000000  0.616328  0.709709  \n",
      "17 -0.364423  0.601916  0.616328  1.000000  0.875331  \n",
      "18 -0.214964  0.687530  0.709709  0.875331  1.000000  \n",
      "Spearman Correlation matrix for v14p.csv:\n",
      "           0         1         2         3         4         5         6  \\\n",
      "0   1.000000  0.711116  0.671551  0.553071  0.532266  0.362285  0.470731   \n",
      "1   0.711116  1.000000  0.322463  0.579261  0.163501  0.605258  0.090789   \n",
      "2   0.671551  0.322463  1.000000  0.580881  0.849057  0.387414  0.765187   \n",
      "3   0.553071  0.579261  0.580881  1.000000  0.558804  0.649553  0.431584   \n",
      "4   0.532266  0.163501  0.849057  0.558804  1.000000  0.341937  0.887940   \n",
      "5   0.362285  0.605258  0.387414  0.649553  0.341937  1.000000  0.271905   \n",
      "6   0.470731  0.090789  0.765187  0.431584  0.887940  0.271905  1.000000   \n",
      "7   0.308684  0.400287  0.397621  0.701576  0.490356  0.693006  0.512708   \n",
      "8   0.100363  0.025295  0.283176 -0.139453  0.268782  0.201508  0.469326   \n",
      "9   0.160914  0.255226  0.225845  0.602985  0.358032  0.472080  0.385822   \n",
      "10  0.612337  0.215906  0.739424  0.589476  0.719365  0.199086  0.617495   \n",
      "11  0.544331  0.668513  0.378149  0.837616  0.365590  0.538353  0.236178   \n",
      "12  0.381020  0.109147  0.634394  0.336711  0.685296  0.235141  0.644280   \n",
      "13  0.348299  0.462413  0.385897  0.701666  0.415253  0.672068  0.368526   \n",
      "14  0.334146 -0.048527  0.609963  0.406841  0.766803  0.092376  0.774597   \n",
      "15  0.215094  0.281336  0.278538  0.687927  0.403802  0.487516  0.379187   \n",
      "16  0.552689  0.259411  0.775952  0.613646  0.696502  0.303971  0.555493   \n",
      "17  0.193109  0.341607  0.217768  0.715715  0.349509  0.569398  0.180936   \n",
      "18  0.278197 -0.063414  0.541260  0.306700  0.697055  0.145494  0.808517   \n",
      "\n",
      "           7         8         9        10        11        12        13  \\\n",
      "0   0.308684  0.100363  0.160914  0.612337  0.544331  0.381020  0.348299   \n",
      "1   0.400287  0.025295  0.255226  0.215906  0.668513  0.109147  0.462413   \n",
      "2   0.397621  0.283176  0.225845  0.739424  0.378149  0.634394  0.385897   \n",
      "3   0.701576 -0.139453  0.602985  0.589476  0.837616  0.336711  0.701666   \n",
      "4   0.490356  0.268782  0.358032  0.719365  0.365590  0.685296  0.415253   \n",
      "5   0.693006  0.201508  0.472080  0.199086  0.538353  0.235141  0.672068   \n",
      "6   0.512708  0.469326  0.385822  0.617495  0.236178  0.644280  0.368526   \n",
      "7   1.000000  0.170267  0.870371  0.402025  0.558811  0.341044  0.754471   \n",
      "8   0.170267  1.000000  0.069868 -0.069480 -0.191163  0.316346 -0.005477   \n",
      "9   0.870371  0.069868  1.000000  0.356331  0.508357  0.227819  0.622627   \n",
      "10  0.402025 -0.069480  0.356331  1.000000  0.468179  0.569012  0.364318   \n",
      "11  0.558811 -0.191163  0.508357  0.468179  1.000000  0.218733  0.642204   \n",
      "12  0.341044  0.316346  0.227819  0.569012  0.218733  1.000000  0.287617   \n",
      "13  0.754471 -0.005477  0.622627  0.364318  0.642204  0.287617  1.000000   \n",
      "14  0.424215  0.207559  0.410683  0.662814  0.258515  0.636988  0.335439   \n",
      "15  0.832065 -0.095840  0.852526  0.430629  0.625343  0.257490  0.747536   \n",
      "16  0.321762  0.077772  0.216239  0.650008  0.480823  0.482974  0.370944   \n",
      "17  0.678727 -0.258058  0.672183  0.371829  0.651698  0.187732  0.637334   \n",
      "18  0.485815  0.489511  0.467924  0.469583  0.160537  0.502319  0.291431   \n",
      "\n",
      "          14        15        16        17        18  \n",
      "0   0.334146  0.215094  0.552689  0.193109  0.278197  \n",
      "1  -0.048527  0.281336  0.259411  0.341607 -0.063414  \n",
      "2   0.609963  0.278538  0.775952  0.217768  0.541260  \n",
      "3   0.406841  0.687927  0.613646  0.715715  0.306700  \n",
      "4   0.766803  0.403802  0.696502  0.349509  0.697055  \n",
      "5   0.092376  0.487516  0.303971  0.569398  0.145494  \n",
      "6   0.774597  0.379187  0.555493  0.180936  0.808517  \n",
      "7   0.424215  0.832065  0.321762  0.678727  0.485815  \n",
      "8   0.207559 -0.095840  0.077772 -0.258058  0.489511  \n",
      "9   0.410683  0.852526  0.216239  0.672183  0.467924  \n",
      "10  0.662814  0.430629  0.650008  0.371829  0.469583  \n",
      "11  0.258515  0.625343  0.480823  0.651698  0.160537  \n",
      "12  0.636988  0.257490  0.482974  0.187732  0.502319  \n",
      "13  0.335439  0.747536  0.370944  0.637334  0.291431  \n",
      "14  1.000000  0.456177  0.526333  0.255935  0.688390  \n",
      "15  0.456177  1.000000  0.295162  0.715939  0.375316  \n",
      "16  0.526333  0.295162  1.000000  0.402809  0.483004  \n",
      "17  0.255935  0.715939  0.402809  1.000000  0.198273  \n",
      "18  0.688390  0.375316  0.483004  0.198273  1.000000  \n",
      "Spearman Correlation matrix for v15p.csv:\n",
      "           0         1         2         3         4         5         6  \\\n",
      "0   1.000000  0.525411  0.746141  0.434270  0.537666 -0.059353  0.482424   \n",
      "1   0.525411  1.000000  0.521436  0.755189  0.409634 -0.259920  0.246306   \n",
      "2   0.746141  0.521436  1.000000  0.643499  0.808283 -0.242512  0.653157   \n",
      "3   0.434270  0.755189  0.643499  1.000000  0.531273 -0.199450  0.348580   \n",
      "4   0.537666  0.409634  0.808283  0.531273  1.000000 -0.298969  0.832182   \n",
      "5  -0.059353 -0.259920 -0.242512 -0.199450 -0.298969  1.000000 -0.239407   \n",
      "6   0.482424  0.246306  0.653157  0.348580  0.832182 -0.239407  1.000000   \n",
      "7   0.097069  0.440745  0.332812  0.536264  0.543469 -0.215860  0.555858   \n",
      "8   0.553390  0.289246  0.723083  0.484942  0.810391 -0.161169  0.769172   \n",
      "9  -0.098395  0.242199  0.046992  0.208365  0.217817 -0.137736  0.238556   \n",
      "10  0.637543  0.449632  0.754297  0.456625  0.698735 -0.224975  0.581189   \n",
      "11  0.347068  0.668503  0.462222  0.748213  0.397898 -0.172839  0.261251   \n",
      "12  0.496848  0.226774  0.602423  0.298010  0.689990 -0.165361  0.728682   \n",
      "13  0.088239  0.441441  0.264337  0.456105  0.363709 -0.176106  0.258581   \n",
      "14  0.292977  0.295402  0.490021  0.262555  0.615150 -0.272776  0.622807   \n",
      "15 -0.059852  0.255861  0.098500  0.223078  0.249730 -0.159385  0.213933   \n",
      "16  0.565476  0.530865  0.812486  0.643884  0.736235 -0.171806  0.544858   \n",
      "17  0.040693  0.393729  0.234420  0.528260  0.388176  0.027609  0.228237   \n",
      "18  0.256850  0.256156  0.423719  0.285160  0.640427 -0.090611  0.639385   \n",
      "\n",
      "           7         8         9        10        11        12        13  \\\n",
      "0   0.097069  0.553390 -0.098395  0.637543  0.347068  0.496848  0.088239   \n",
      "1   0.440745  0.289246  0.242199  0.449632  0.668503  0.226774  0.441441   \n",
      "2   0.332812  0.723083  0.046992  0.754297  0.462222  0.602423  0.264337   \n",
      "3   0.536264  0.484942  0.208365  0.456625  0.748213  0.298010  0.456105   \n",
      "4   0.543469  0.810391  0.217817  0.698735  0.397898  0.689990  0.363709   \n",
      "5  -0.215860 -0.161169 -0.137736 -0.224975 -0.172839 -0.165361 -0.176106   \n",
      "6   0.555858  0.769172  0.238556  0.581189  0.261251  0.728682  0.258581   \n",
      "7   1.000000  0.478524  0.591535  0.326836  0.436525  0.328275  0.617687   \n",
      "8   0.478524  1.000000  0.105788  0.569899  0.383537  0.615864  0.336645   \n",
      "9   0.591535  0.105788  1.000000  0.125051  0.166327  0.095452  0.426032   \n",
      "10  0.326836  0.569899  0.125051  1.000000  0.390111  0.636041  0.328163   \n",
      "11  0.436525  0.383537  0.166327  0.390111  1.000000  0.265595  0.541908   \n",
      "12  0.328275  0.615864  0.095452  0.636041  0.265595  1.000000  0.206120   \n",
      "13  0.617687  0.336645  0.426032  0.328163  0.541908  0.206120  1.000000   \n",
      "14  0.452939  0.454933  0.408473  0.583926  0.240327  0.634086  0.412122   \n",
      "15  0.568395  0.153018  0.667957  0.190653  0.210027  0.134156  0.546019   \n",
      "16  0.425165  0.657203  0.239165  0.682297  0.498281  0.493388  0.459678   \n",
      "17  0.658962  0.327786  0.482067  0.242542  0.409252  0.172240  0.567726   \n",
      "18  0.652803  0.583216  0.529992  0.478685  0.257061  0.451834  0.527741   \n",
      "\n",
      "          14        15        16        17        18  \n",
      "0   0.292977 -0.059852  0.565476  0.040693  0.256850  \n",
      "1   0.295402  0.255861  0.530865  0.393729  0.256156  \n",
      "2   0.490021  0.098500  0.812486  0.234420  0.423719  \n",
      "3   0.262555  0.223078  0.643884  0.528260  0.285160  \n",
      "4   0.615150  0.249730  0.736235  0.388176  0.640427  \n",
      "5  -0.272776 -0.159385 -0.171806  0.027609 -0.090611  \n",
      "6   0.622807  0.213933  0.544858  0.228237  0.639385  \n",
      "7   0.452939  0.568395  0.425165  0.658962  0.652803  \n",
      "8   0.454933  0.153018  0.657203  0.327786  0.583216  \n",
      "9   0.408473  0.667957  0.239165  0.482067  0.529992  \n",
      "10  0.583926  0.190653  0.682297  0.242542  0.478685  \n",
      "11  0.240327  0.210027  0.498281  0.409252  0.257061  \n",
      "12  0.634086  0.134156  0.493388  0.172240  0.451834  \n",
      "13  0.412122  0.546019  0.459678  0.567726  0.527741  \n",
      "14  1.000000  0.467967  0.571349  0.291260  0.662543  \n",
      "15  0.467967  1.000000  0.299196  0.463878  0.520218  \n",
      "16  0.571349  0.299196  1.000000  0.521290  0.668282  \n",
      "17  0.291260  0.463878  0.521290  1.000000  0.612553  \n",
      "18  0.662543  0.520218  0.668282  0.612553  1.000000  \n",
      "Spearman Correlation matrix for v173.csv:\n",
      "           0         1         2         3         4         5         6  \\\n",
      "0   1.000000  0.361658  0.552488  0.499538  0.267056  0.202446  0.071812   \n",
      "1   0.361658  1.000000  0.627494  0.601072  0.240434  0.399925 -0.019239   \n",
      "2   0.552488  0.627494  1.000000  0.610587  0.497931  0.423714  0.162919   \n",
      "3   0.499538  0.601072  0.610587  1.000000  0.377022  0.617854  0.085184   \n",
      "4   0.267056  0.240434  0.497931  0.377022  1.000000  0.545603  0.439788   \n",
      "5   0.202446  0.399925  0.423714  0.617854  0.545603  1.000000  0.270879   \n",
      "6   0.071812 -0.019239  0.162919  0.085184  0.439788  0.270879  1.000000   \n",
      "7  -0.076910  0.108805  0.058363  0.179564  0.269971  0.520213  0.355663   \n",
      "8  -0.004714 -0.147843  0.025752 -0.024809  0.245814  0.193319  0.560365   \n",
      "9  -0.103430  0.089597  0.025999  0.137268  0.237673  0.431034  0.324215   \n",
      "10  0.269167  0.602171  0.512025  0.310054  0.164677  0.177961 -0.049539   \n",
      "11  0.584898  0.340307  0.335925  0.500821  0.183089  0.217932 -0.023822   \n",
      "12  0.213402  0.337458  0.505752  0.328595  0.557786  0.423342  0.303113   \n",
      "13  0.181604  0.235684  0.290934  0.433849  0.361934  0.622304  0.206860   \n",
      "14 -0.012523 -0.031751  0.082682 -0.002116  0.281215  0.198859  0.494248   \n",
      "15 -0.121495  0.000288 -0.015860  0.040291  0.148396  0.272644  0.233392   \n",
      "16  0.772328  0.528374  0.680653  0.616019  0.273581  0.286993  0.056538   \n",
      "17  0.101057  0.344905  0.327660  0.463815  0.516026  0.849938  0.312366   \n",
      "18  0.147548 -0.059912  0.194035  0.117425  0.415690  0.465256  0.496893   \n",
      "\n",
      "           7         8         9        10        11        12        13  \\\n",
      "0  -0.076910 -0.004714 -0.103430  0.269167  0.584898  0.213402  0.181604   \n",
      "1   0.108805 -0.147843  0.089597  0.602171  0.340307  0.337458  0.235684   \n",
      "2   0.058363  0.025752  0.025999  0.512025  0.335925  0.505752  0.290934   \n",
      "3   0.179564 -0.024809  0.137268  0.310054  0.500821  0.328595  0.433849   \n",
      "4   0.269971  0.245814  0.237673  0.164677  0.183089  0.557786  0.361934   \n",
      "5   0.520213  0.193319  0.431034  0.177961  0.217932  0.423342  0.622304   \n",
      "6   0.355663  0.560365  0.324215 -0.049539 -0.023822  0.303113  0.206860   \n",
      "7   1.000000  0.501036  0.950941 -0.017587 -0.127394  0.192092  0.406187   \n",
      "8   0.501036  1.000000  0.498472 -0.171633 -0.120040  0.155209  0.144098   \n",
      "9   0.950941  0.498472  1.000000 -0.037953 -0.141803  0.148073  0.353528   \n",
      "10 -0.017587 -0.171633 -0.037953  1.000000  0.169358  0.379860  0.140845   \n",
      "11 -0.127394 -0.120040 -0.141803  0.169358  1.000000  0.154172  0.284275   \n",
      "12  0.192092  0.155209  0.148073  0.379860  0.154172  1.000000  0.302441   \n",
      "13  0.406187  0.144098  0.353528  0.140845  0.284275  0.302441  1.000000   \n",
      "14  0.368898  0.654252  0.357779 -0.073090 -0.097500  0.313231  0.182999   \n",
      "15  0.647227  0.371157  0.662605 -0.078680 -0.219870  0.101113  0.380000   \n",
      "16 -0.033206 -0.030986 -0.073944  0.403568  0.501830  0.279061  0.212088   \n",
      "17  0.533872  0.229505  0.462145  0.139160  0.108049  0.425924  0.444836   \n",
      "18  0.628354  0.592098  0.564075 -0.048946 -0.024345  0.262722  0.290183   \n",
      "\n",
      "          14        15        16        17        18  \n",
      "0  -0.012523 -0.121495  0.772328  0.101057  0.147548  \n",
      "1  -0.031751  0.000288  0.528374  0.344905 -0.059912  \n",
      "2   0.082682 -0.015860  0.680653  0.327660  0.194035  \n",
      "3  -0.002116  0.040291  0.616019  0.463815  0.117425  \n",
      "4   0.281215  0.148396  0.273581  0.516026  0.415690  \n",
      "5   0.198859  0.272644  0.286993  0.849938  0.465256  \n",
      "6   0.494248  0.233392  0.056538  0.312366  0.496893  \n",
      "7   0.368898  0.647227 -0.033206  0.533872  0.628354  \n",
      "8   0.654252  0.371157 -0.030986  0.229505  0.592098  \n",
      "9   0.357779  0.662605 -0.073944  0.462145  0.564075  \n",
      "10 -0.073090 -0.078680  0.403568  0.139160 -0.048946  \n",
      "11 -0.097500 -0.219870  0.501830  0.108049 -0.024345  \n",
      "12  0.313231  0.101113  0.279061  0.425924  0.262722  \n",
      "13  0.182999  0.380000  0.212088  0.444836  0.290183  \n",
      "14  1.000000  0.355482 -0.043678  0.231840  0.376452  \n",
      "15  0.355482  1.000000 -0.099744  0.245180  0.310720  \n",
      "16 -0.043678 -0.099744  1.000000  0.195800  0.167844  \n",
      "17  0.231840  0.245180  0.195800  1.000000  0.559180  \n",
      "18  0.376452  0.310720  0.167844  0.559180  1.000000  \n",
      "Spearman Correlation matrix for v177.csv:\n",
      "           0         1         2         3         4         5         6  \\\n",
      "0   1.000000  0.507263  0.636567  0.347590  0.307451  0.103823  0.100926   \n",
      "1   0.507263  1.000000  0.373308  0.669159  0.147005  0.352732 -0.038637   \n",
      "2   0.636567  0.373308  1.000000  0.557073  0.549310  0.267872  0.216479   \n",
      "3   0.347590  0.669159  0.557073  1.000000  0.246984  0.538612  0.024838   \n",
      "4   0.307451  0.147005  0.549310  0.246984  1.000000  0.379757  0.655808   \n",
      "5   0.103823  0.352732  0.267872  0.538612  0.379757  1.000000  0.279256   \n",
      "6   0.100926 -0.038637  0.216479  0.024838  0.655808  0.279256  1.000000   \n",
      "7  -0.103759  0.257699 -0.028574  0.393508  0.138633  0.627080  0.318337   \n",
      "8  -0.065895 -0.146464  0.031949 -0.149821  0.329367  0.115856  0.725775   \n",
      "9  -0.129920  0.219387 -0.048215  0.356052  0.113525  0.532576  0.300038   \n",
      "10  0.588574  0.309075  0.457746  0.193496  0.225092  0.078327  0.075797   \n",
      "11  0.226385  0.599854  0.121519  0.468386  0.026783  0.261301 -0.067341   \n",
      "12  0.434157  0.206203  0.494408  0.196346  0.619380  0.235999  0.449311   \n",
      "13  0.085569  0.444500  0.182802  0.613799  0.188869  0.722888  0.105723   \n",
      "14  0.122083  0.008970  0.169689  0.018225  0.383913  0.175846  0.559805   \n",
      "15 -0.117111  0.339539 -0.031912  0.500662  0.038418  0.541076  0.090187   \n",
      "16  0.762563  0.521363  0.740297  0.467273  0.344226  0.143830  0.108202   \n",
      "17  0.146451  0.419339  0.278070  0.585701  0.476124  0.753378  0.294949   \n",
      "18  0.100365 -0.054355  0.166666 -0.044145  0.477686  0.346562  0.693014   \n",
      "\n",
      "           7         8         9        10        11        12        13  \\\n",
      "0  -0.103759 -0.065895 -0.129920  0.588574  0.226385  0.434157  0.085569   \n",
      "1   0.257699 -0.146464  0.219387  0.309075  0.599854  0.206203  0.444500   \n",
      "2  -0.028574  0.031949 -0.048215  0.457746  0.121519  0.494408  0.182802   \n",
      "3   0.393508 -0.149821  0.356052  0.193496  0.468386  0.196346  0.613799   \n",
      "4   0.138633  0.329367  0.113525  0.225092  0.026783  0.619380  0.188869   \n",
      "5   0.627080  0.115856  0.532576  0.078327  0.261301  0.235999  0.722888   \n",
      "6   0.318337  0.725775  0.300038  0.075797 -0.067341  0.449311  0.105723   \n",
      "7   1.000000  0.274912  0.964101 -0.098107  0.268627  0.015615  0.621045   \n",
      "8   0.274912  1.000000  0.257545  0.006673 -0.204974  0.185786 -0.073441   \n",
      "9   0.964101  0.257545  1.000000 -0.152704  0.265847 -0.047507  0.575545   \n",
      "10 -0.098107  0.006673 -0.152704  1.000000  0.172299  0.560875  0.038523   \n",
      "11  0.268627 -0.204974  0.265847  0.172299  1.000000  0.061611  0.504856   \n",
      "12  0.015615  0.185786 -0.047507  0.560875  0.061611  1.000000  0.162352   \n",
      "13  0.621045 -0.073441  0.575545  0.038523  0.504856  0.162352  1.000000   \n",
      "14  0.119501  0.486794  0.060564  0.216158 -0.061539  0.495993  0.040538   \n",
      "15  0.760622 -0.002292  0.766992 -0.164197  0.454947 -0.055224  0.758772   \n",
      "16 -0.102074 -0.011430 -0.144277  0.539205  0.200714  0.406968  0.104663   \n",
      "17  0.550737  0.081075  0.474968  0.090389  0.314861  0.261069  0.588987   \n",
      "18  0.352816  0.606549  0.294680  0.069794 -0.143561  0.248745  0.062244   \n",
      "\n",
      "          14        15        16        17        18  \n",
      "0   0.122083 -0.117111  0.762563  0.146451  0.100365  \n",
      "1   0.008970  0.339539  0.521363  0.419339 -0.054355  \n",
      "2   0.169689 -0.031912  0.740297  0.278070  0.166666  \n",
      "3   0.018225  0.500662  0.467273  0.585701 -0.044145  \n",
      "4   0.383913  0.038418  0.344226  0.476124  0.477686  \n",
      "5   0.175846  0.541076  0.143830  0.753378  0.346562  \n",
      "6   0.559805  0.090187  0.108202  0.294949  0.693014  \n",
      "7   0.119501  0.760622 -0.102074  0.550737  0.352816  \n",
      "8   0.486794 -0.002292 -0.011430  0.081075  0.606549  \n",
      "9   0.060564  0.766992 -0.144277  0.474968  0.294680  \n",
      "10  0.216158 -0.164197  0.539205  0.090389  0.069794  \n",
      "11 -0.061539  0.454947  0.200714  0.314861 -0.143561  \n",
      "12  0.495993 -0.055224  0.406968  0.261069  0.248745  \n",
      "13  0.040538  0.758772  0.104663  0.588987  0.062244  \n",
      "14  1.000000  0.011043  0.127022  0.135985  0.358852  \n",
      "15  0.011043  1.000000 -0.139613  0.496808 -0.001061  \n",
      "16  0.127022 -0.139613  1.000000  0.176962  0.163871  \n",
      "17  0.135985  0.496808  0.176962  1.000000  0.338784  \n",
      "18  0.358852 -0.001061  0.163871  0.338784  1.000000  \n",
      "Spearman Correlation matrix for v179.csv:\n",
      "           0         1         2         3         4         5         6  \\\n",
      "0   1.000000  0.490178  0.816221  0.488886  0.575965  0.233203  0.378398   \n",
      "1   0.490178  1.000000  0.375851  0.692304  0.185980  0.367706  0.043077   \n",
      "2   0.816221  0.375851  1.000000  0.566774  0.712178  0.340802  0.403079   \n",
      "3   0.488886  0.692304  0.566774  1.000000  0.333475  0.590706  0.090622   \n",
      "4   0.575965  0.185980  0.712178  0.333475  1.000000  0.489282  0.724430   \n",
